5,975.50
USD
+42.25
+0.71%
TradingView

Get It

MES1!
5,975.50
USD
+42.25
+0.71%
/
/
/
/
/

Micro E-mini S&P 500 Index Futures

Continuous contract

MES1!
CME

Market closed

5,975.50USD
+42.25
+0.71%
At close at 13:59 GMT-7
Micro E-mini S&P 500 Index Futures options
Chain﻿

By expiration

By strike

Calls		Puts
Rho	Vega	Theta	Gamma	Delta	Price	Ask	Bid	
Strike
IV, %	Bid	Ask	Price	Delta	Gamma	Theta	Vega	Rho
0.08	0.01	0.11	0	1.00	5,844.29	5,858.50	5,798.25	
100
482.1	–	–	0.26	−0.00	0	−0.05	0.01	−0.00
1.56	0.38	−1.10	0	0.99	3,855.21	3,865.50	3,805.25	
2,100
176.0	–	–	9.65	−0.01	0	−1.20	0.38	−0.05
2.66	0.09	−0.04	0	1.00	2,447.18	2,470.50	2,410.25	
3,500
67.1	0.05	1.05	0.55	−0.00	0	−0.11	0.09	−0.01
2.74	0.09	−0.04	0	1.00	2,347.28	2,371.00	2,310.75	
3,600
64.1	0.05	1.10	0.58	−0.00	0	−0.11	0.09	−0.01
2.81	0.10	−0.05	0	1.00	2,247.41	2,271.25	2,211.25	
3,700
61.1	0.05	1.20	0.63	−0.00	0	−0.12	0.10	−0.01
2.89	0.12	−0.06	0	1.00	2,147.53	2,171.75	2,111.50	
3,800
59.0	0.10	1.25	0.68	−0.00	0	−0.12	0.12	−0.01
2.96	0.13	−0.07	0	1.00	2,047.66	2,072.00	2,012.00	
3,900
56.0	0.15	1.35	0.73	−0.00	0	−0.13	0.13	−0.01
3.04	0.15	−0.09	0	1.00	1,947.84	1,972.50	1,912.50	
4,000
53.1	0.25	1.40	0.83	−0.00	0	−0.14	0.15	−0.01
3.11	0.17	−0.11	0	1.00	1,848.04	1,873.00	1,813.00	
4,100
51.1	0.35	1.55	0.95	−0.00	0	−0.16	0.17	−0.02
3.19	0.18	−0.11	0	1.00	1,748.09	1,773.50	1,713.50	
4,200
48.0	0.15	1.70	0.93	−0.00	0	−0.16	0.18	−0.02
3.26	0.22	−0.13	0	0.99	1,648.34	1,674.00	1,614.00	
4,300
46.0	0.30	1.90	1.10	−0.00	0	−0.18	0.22	−0.02
3.33	0.26	−0.16	0	0.99	1,548.62	1,574.50	1,514.50	
4,400
44.0	0.50	2.10	1.30	−0.01	0	−0.20	0.26	−0.03
3.40	0.31	−0.19	0	0.99	1,448.97	1,475.00	1,415.25	
4,500
42.0	0.75	2.40	1.58	−0.01	0	−0.23	0.31	−0.03
3.44	0.35	−0.22	0	0.99	1,399.18	1,425.25	1,365.50	
4,550
41.0	0.90	2.60	1.75	−0.01	0	−0.25	0.35	−0.04
3.47	0.38	−0.24	0	0.99	1,349.40	1,375.75	1,316.00	
4,600
40.0	1.05	2.80	1.93	−0.01	0	−0.27	0.38	−0.04
3.50	0.42	−0.26	0	0.99	1,299.63	1,326.00	1,266.50	
4,650
39.0	1.25	3.00	2.13	−0.01	0	−0.29	0.42	−0.04
3.54	0.46	−0.28	0	0.99	1,249.90	1,276.25	1,216.75	
4,700
38.0	1.45	5.10	2.35	−0.01	0	−0.32	0.46	−0.05
3.57	0.51	−0.31	0.0001	0.99	1,200.19	1,226.75	1,167.25	
4,750
37.0	1.70	3.50	2.60	−0.01	0.0001	−0.34	0.51	−0.06
3.60	0.57	−0.33	0.0001	0.99	1,150.50	1,177.25	1,117.75	
4,800
36.0	1.95	3.80	2.88	−0.01	0.0001	−0.37	0.57	−0.06
3.63	0.63	−0.36	0.0001	0.98	1,100.84	1,127.50	1,068.25	
4,850
35.0	2.20	4.15	3.18	−0.02	0.0001	−0.39	0.63	−0.07
3.66	0.69	−0.39	0.0001	0.98	1,051.22	1,078.00	1,018.75	
4,900
34.0	2.55	4.50	3.53	−0.02	0.0001	−0.42	0.69	−0.08
3.69	0.76	−0.42	0.0001	0.98	1,001.60	1,028.25	969.25	
4,950
33.0	0.90	4.90	3.86	−0.02	0.0001	−0.45	0.76	−0.09
3.72	0.84	−0.45	0.0001	0.98	951.97	978.75	920.00	
5,000
31.1	3.25	5.35	4.20	−0.02	0.0001	−0.47	0.84	−0.10
3.74	0.92	−0.48	0.0001	0.98	902.44	929.25	870.75	
5,050
30.1	3.70	5.85	4.62	−0.02	0.0001	−0.51	0.92	−0.11
3.76	1.04	−0.53	0.0001	0.97	853.10	880.00	821.50	
5,100
29.1	4.25	6.25	5.25	−0.03	0.0001	−0.55	1.04	−0.13
3.77	1.11	−0.56	0.0001	0.97	828.55	855.25	797.00	
5,125
29.0	4.55	6.80	5.68	−0.03	0.0001	−0.58	1.11	−0.14
3.78	1.19	−0.59	0.0002	0.97	804.03	830.75	772.50	
5,150
29.0	4.90	7.15	6.14	−0.03	0.0002	−0.61	1.19	−0.15
3.79	1.27	−0.62	0.0002	0.96	779.53	806.00	748.00	
5,175
28.1	5.25	7.55	6.62	−0.03	0.0002	−0.64	1.27	−0.16
3.79	1.35	−0.66	0.0002	0.96	755.07	781.50	723.50	
5,200
28.0	5.60	7.95	7.14	−0.04	0.0002	−0.68	1.35	−0.18
3.80	1.44	−0.69	0.0002	0.96	730.63	756.75	699.25	
5,225
27.1	6.05	8.45	7.69	−0.04	0.0002	−0.71	1.44	−0.19
3.80	1.53	−0.73	0.0002	0.96	706.23	732.25	675.00	
5,250
27.0	6.50	8.95	8.27	−0.04	0.0002	−0.74	1.53	−0.21
3.80	1.63	−0.76	0.0002	0.95	681.87	707.75	650.75	
5,275
26.1	7.00	9.50	8.88	−0.05	0.0002	−0.78	1.63	−0.22
3.80	1.73	−0.80	0.0002	0.95	657.55	683.25	626.50	
5,300
26.0	1.65	10.25	9.55	−0.05	0.0002	−0.81	1.73	−0.24
3.80	1.82	−0.83	0.0003	0.94	638.13	663.75	607.25	
5,320
26.0	8.05	10.75	10.11	−0.05	0.0003	−0.84	1.82	−0.26
3.80	1.84	−0.83	0.0003	0.94	633.28	659.00	602.25	
5,325
25.1	8.20	11.00	10.25	−0.06	0.0003	−0.85	1.84	−0.26
3.80	1.86	−0.84	0.0003	0.94	628.43	654.00	597.50	
5,330
25.1	8.30	11.00	10.40	−0.06	0.0003	−0.86	1.86	−0.26
3.80	1.91	−0.85	0.0003	0.94	618.74	644.25	588.00	
5,340
25.1	8.60	11.25	10.70	−0.06	0.0003	−0.87	1.91	−0.27
3.80	1.96	−0.87	0.0003	0.94	609.06	634.50	578.25	
5,350
25.0	8.90	16.00	11.01	−0.06	0.0003	−0.89	1.96	−0.28
3.80	2.01	−0.89	0.0003	0.94	599.39	624.75	568.75	
5,360
25.0	9.20	12.00	11.34	−0.06	0.0003	−0.90	2.01	−0.29
3.80	2.05	−0.90	0.0003	0.94	589.73	615.00	559.25	
5,370
25.0	9.50	12.25	11.67	−0.06	0.0003	−0.92	2.05	−0.30
3.80	2.08	−0.91	0.0003	0.93	584.90	610.25	554.50	
5,375
25.0	8.85	12.50	11.84	−0.06	0.0003	−0.92	2.08	−0.30
3.80	2.11	−0.92	0.0003	0.93	580.07	605.50	549.50	
5,380
24.1	9.80	12.75	12.01	−0.07	0.0003	−0.93	2.11	−0.31
3.80	2.16	−0.93	0.0003	0.93	570.44	595.75	540.00	
5,390
24.1	10.00	13.00	12.36	−0.07	0.0003	−0.95	2.16	−0.32
3.79	2.21	−0.95	0.0003	0.93	560.81	586.00	530.50	
5,400
24.1	0.70	13.50	12.73	−0.07	0.0003	−0.96	2.21	−0.33
3.79	2.26	−0.96	0.0003	0.93	551.19	576.50	521.00	
5,410
24.0	10.75	14.00	13.10	−0.07	0.0003	−0.98	2.26	−0.34
3.79	2.32	−0.98	0.0004	0.92	541.59	566.75	511.75	
5,420
24.0	11.25	14.25	13.49	−0.07	0.0004	−0.99	2.32	−0.35
3.78	2.35	−0.99	0.0004	0.92	536.80	562.00	507.00	
5,425
24.0	11.25	14.50	13.70	−0.08	0.0004	−1.00	2.35	−0.36
3.78	2.38	−1.00	0.0004	0.92	532.00	557.00	502.25	
5,430
23.1	11.50	14.75	13.90	−0.08	0.0004	−1.01	2.38	−0.36
3.78	2.43	−1.01	0.0004	0.92	522.43	547.50	492.75	
5,440
23.1	12.00	15.25	14.32	−0.08	0.0004	−1.03	2.43	−0.37
3.77	2.49	−1.03	0.0004	0.92	512.87	537.75	483.50	
5,450
23.1	2.00	15.75	14.75	−0.08	0.0004	−1.04	2.49	−0.38
3.77	2.56	−1.05	0.0004	0.91	503.33	528.25	474.00	
5,460
23.0	13.00	16.25	15.20	−0.08	0.0004	−1.06	2.56	−0.40
3.76	2.62	−1.06	0.0004	0.91	493.80	518.75	464.75	
5,470
23.0	13.50	16.75	15.67	−0.09	0.0004	−1.08	2.62	−0.41
3.76	2.65	−1.07	0.0004	0.91	489.05	514.00	460.00	
5,475
23.0	4.00	17.00	15.91	−0.09	0.0004	−1.09	2.65	−0.42
3.76	2.68	−1.08	0.0004	0.91	484.30	509.25	455.50	
5,480
22.1	14.00	17.25	16.16	−0.09	0.0004	−1.09	2.68	−0.42
3.75	2.75	−1.10	0.0005	0.91	474.81	499.50	446.00	
5,490
22.1	14.50	17.75	16.66	−0.09	0.0005	−1.11	2.75	−0.44
3.74	2.82	−1.12	0.0005	0.90	465.34	490.00	436.75	
5,500
22.1	10.00	18.50	17.18	−0.10	0.0005	−1.13	2.82	−0.45
3.74	2.89	−1.14	0.0005	0.90	455.90	480.50	427.50	
5,510
22.0	15.50	19.00	17.73	−0.10	0.0005	−1.15	2.89	−0.47
3.73	2.96	−1.15	0.0005	0.90	446.47	466.75	422.75	
5,520
22.0	16.25	19.75	18.30	−0.10	0.0005	−1.17	2.96	−0.48
3.72	2.99	−1.16	0.0005	0.89	441.77	462.00	418.00	
5,525
22.0	16.50	20.00	18.59	−0.11	0.0005	−1.17	2.99	−0.49
3.72	3.03	−1.17	0.0005	0.89	437.07	457.50	413.50	
5,530
22.0	16.75	20.25	18.89	−0.11	0.0005	−1.18	3.03	−0.50
3.71	3.11	−1.19	0.0005	0.89	427.70	448.00	404.25	
5,540
21.1	17.50	21.00	19.51	−0.11	0.0005	−1.20	3.11	−0.52
3.70	3.18	−1.21	0.0006	0.88	418.35	438.75	395.00	
5,550
21.1	1.00	21.75	20.15	−0.11	0.0006	−1.22	3.18	−0.54
3.69	3.26	−1.23	0.0006	0.88	409.03	429.50	385.75	
5,560
21.0	18.75	22.50	20.82	−0.12	0.0006	−1.24	3.26	−0.55
3.68	3.34	−1.25	0.0006	0.88	399.73	420.50	376.50	
5,570
21.0	19.50	23.50	21.52	−0.12	0.0006	−1.26	3.34	−0.57
3.67	3.38	−1.26	0.0006	0.87	395.10	415.75	372.00	
5,575
21.0	20.00	45.00	21.88	−0.12	0.0006	−1.27	3.38	−0.58
3.66	3.42	−1.27	0.0006	0.87	390.47	411.25	367.50	
5,580
21.0	20.25	24.25	22.25	−0.13	0.0006	−1.28	3.42	−0.59
3.65	3.51	−1.29	0.0006	0.87	381.25	402.00	358.25	
5,590
20.1	21.25	25.00	23.02	−0.13	0.0006	−1.30	3.51	−0.62
3.64	3.59	−1.31	0.0007	0.86	372.05	393.00	349.25	
5,600
20.1	22.00	66.50	23.82	−0.14	0.0007	−1.32	3.59	−0.64
3.62	3.68	−1.33	0.0007	0.86	362.90	384.00	340.25	
5,610
20.1	23.00	27.00	24.66	−0.14	0.0007	−1.34	3.68	−0.66
3.60	3.77	−1.35	0.0007	0.85	353.78	374.75	331.25	
5,620
20.0	24.00	27.75	25.53	−0.15	0.0007	−1.36	3.77	−0.68
3.60	3.82	−1.36	0.0007	0.85	349.24	370.25	326.75	
5,625
20.0	24.50	28.25	25.99	−0.15	0.0007	−1.37	3.82	−0.70
3.59	3.86	−1.37	0.0007	0.85	344.71	365.75	322.25	
5,630
20.0	25.00	28.75	26.45	−0.15	0.0007	−1.38	3.86	−0.71
3.57	3.96	−1.39	0.0007	0.84	335.67	357.00	313.50	
5,640
19.1	26.00	29.75	27.41	−0.16	0.0007	−1.40	3.96	−0.74
3.55	4.05	−1.41	0.0008	0.84	326.69	342.50	310.00	
5,650
19.1	27.25	31.00	28.42	−0.16	0.0008	−1.42	4.05	−0.76
3.53	4.15	−1.43	0.0008	0.83	317.75	339.00	295.75	
5,660
19.1	28.25	32.25	29.47	−0.17	0.0008	−1.44	4.15	−0.79
3.51	4.25	−1.45	0.0008	0.82	308.86	330.25	287.00	
5,670
19.0	29.50	33.25	30.58	−0.18	0.0008	−1.46	4.25	−0.82
3.49	4.30	−1.46	0.0008	0.82	304.44	325.75	282.75	
5,675
19.0	30.00	34.00	31.15	−0.18	0.0008	−1.47	4.30	−0.84
3.48	4.35	−1.47	0.0008	0.82	300.03	321.50	278.50	
5,680
19.0	30.75	34.50	31.74	−0.18	0.0008	−1.48	4.35	−0.85
3.46	4.45	−1.49	0.0009	0.81	291.26	312.75	269.75	
5,690
19.0	32.00	36.00	32.96	−0.19	0.0009	−1.50	4.45	−0.88
3.43	4.55	−1.51	0.0009	0.80	282.54	304.00	261.25	
5,700
18.1	33.25	37.25	34.23	−0.20	0.0009	−1.52	4.55	−0.92
3.40	4.65	−1.53	0.0009	0.80	273.89	295.50	252.75	
5,710
18.1	34.75	38.75	35.58	−0.20	0.0009	−1.54	4.65	−0.95
3.38	4.76	−1.55	0.0010	0.79	265.31	286.75	244.50	
5,720
18.1	36.00	40.25	36.99	−0.21	0.0010	−1.56	4.76	−0.99
3.36	4.81	−1.56	0.0010	0.78	261.05	282.50	240.25	
5,725
18.0	37.00	41.00	37.72	−0.22	0.0010	−1.57	4.81	−1.01
3.35	4.86	−1.57	0.0010	0.78	256.80	278.25	236.00	
5,730
18.0	37.75	41.75	38.47	−0.22	0.0010	−1.58	4.86	−1.03
3.31	4.97	−1.59	0.0010	0.77	248.36	269.75	227.75	
5,740
18.0	39.25	43.50	40.02	−0.23	0.0010	−1.60	4.97	−1.07
3.28	5.07	−1.61	0.0011	0.76	240.00	261.50	219.50	
5,750
18.0	40.75	100.00	41.66	−0.24	0.0011	−1.62	5.07	−1.11
3.24	5.18	−1.63	0.0011	0.75	231.73	253.00	211.50	
5,760
17.1	42.50	47.00	43.37	−0.25	0.0011	−1.63	5.18	−1.15
3.21	5.28	−1.65	0.0011	0.74	223.54	228.25	220.25	
5,770
17.1	44.25	48.75	45.18	−0.26	0.0011	−1.65	5.28	−1.20
3.19	5.34	−1.66	0.0011	0.74	219.48	224.25	216.00	
5,775
17.1	45.25	49.75	46.11	−0.26	0.0011	−1.66	5.34	−1.22
3.17	5.39	−1.66	0.0012	0.73	215.44	220.25	212.00	
5,780
17.1	46.25	50.50	47.07	−0.27	0.0012	−1.67	5.39	−1.24
3.13	5.49	−1.68	0.0012	0.72	207.44	212.25	204.25	
5,790
17.0	48.25	52.50	49.07	−0.28	0.0012	−1.69	5.49	−1.29
3.09	5.59	−1.70	0.0012	0.71	199.55	203.25	197.25	
5,800
17.0	50.25	54.75	51.16	−0.29	0.0012	−1.70	5.59	−1.34
3.04	5.69	−1.71	0.0013	0.70	191.75	195.25	190.50	
5,810
17.0	52.25	57.00	53.36	−0.30	0.0013	−1.71	5.69	−1.39
2.99	5.79	−1.72	0.0013	0.69	184.07	187.50	182.75	
5,820
16.1	54.50	59.25	55.67	−0.31	0.0013	−1.73	5.79	−1.45
2.97	5.84	−1.73	0.0013	0.68	180.27	183.75	178.75	
5,825
16.1	55.75	60.25	56.87	−0.32	0.0013	−1.73	5.84	−1.47
2.95	5.88	−1.74	0.0013	0.68	176.50	180.00	175.00	
5,830
16.1	57.00	61.50	58.09	−0.32	0.0013	−1.74	5.88	−1.50
2.90	5.97	−1.75	0.0014	0.67	169.06	172.50	167.50	
5,840
16.1	59.50	64.00	60.64	−0.33	0.0014	−1.75	5.97	−1.56
2.84	6.06	−1.76	0.0014	0.65	161.74	165.25	76.50	
5,850
16.0	62.00	66.75	63.32	−0.35	0.0014	−1.76	6.06	−1.62
2.79	6.14	−1.76	0.0014	0.64	154.56	158.00	152.75	
5,860
16.0	64.75	69.50	66.12	−0.36	0.0014	−1.77	6.14	−1.68
2.73	6.22	−1.77	0.0014	0.63	147.51	150.75	145.75	
5,870
16.0	67.50	72.25	69.07	−0.37	0.0014	−1.77	6.22	−1.75
2.71	6.25	−1.77	0.0015	0.62	144.04	147.25	142.25	
5,875
16.0	69.00	73.75	70.59	−0.38	0.0015	−1.78	6.25	−1.78
2.68	6.29	−1.78	0.0015	0.61	140.60	144.50	137.75	
5,880
16.0	70.00	75.25	72.15	−0.39	0.0015	−1.78	6.29	−1.81
2.62	6.35	−1.78	0.0015	0.60	133.84	137.00	132.00	
5,890
15.1	73.50	78.25	75.39	−0.40	0.0015	−1.78	6.35	−1.88
2.55	6.41	−1.78	0.0015	0.58	127.24	130.25	125.25	
5,900
15.1	76.75	81.75	78.78	−0.42	0.0015	−1.78	6.41	−1.95
2.49	6.45	−1.78	0.0016	0.57	120.80	123.75	118.75	
5,910
15.1	80.25	85.00	82.33	−0.43	0.0016	−1.78	6.45	−2.02
2.43	6.49	−1.77	0.0016	0.55	114.52	117.25	112.25	
5,920
15.0	83.75	88.75	86.04	−0.45	0.0016	−1.77	6.49	−2.09
2.39	6.51	−1.77	0.0016	0.55	111.44	114.25	109.25	
5,925
15.0	1.90	90.50	87.96	−0.45	0.0016	−1.77	6.51	−2.13
2.36	6.52	−1.77	0.0016	0.54	108.40	113.00	106.25	
5,930
15.0	87.50	92.50	89.92	−0.46	0.0016	−1.77	6.52	−2.17
2.29	6.54	−1.76	0.0016	0.52	102.46	105.25	100.00	
5,940
15.0	91.50	96.50	93.97	−0.48	0.0016	−1.76	6.54	−2.24
2.22	6.55	−1.75	0.0016	0.51	96.70	99.25	60.00	
5,950
15.0	95.75	100.75	98.20	−0.49	0.0016	−1.75	6.55	−2.32
2.15	6.55	−1.73	0.0016	0.49	91.12	93.75	88.75	
5,960
15.0	100.00	105.00	102.61	−0.51	0.0016	−1.73	6.55	−2.40
2.08	6.54	−1.71	0.0017	0.47	85.73	88.25	83.25	
5,970
14.1	104.50	109.50	107.21	−0.53	0.0017	−1.71	6.54	−2.48
2.04	6.53	−1.70	0.0017	0.46	83.10	85.75	80.75	
5,975
14.1	106.75	112.00	109.58	−0.54	0.0017	−1.70	6.53	−2.52
MESM2025 5,975.5
2.01	6.51	−1.69	0.0017	0.46	80.52	83.00	78.00	
5,980
14.1	109.25	114.25	112.00	−0.54	0.0017	−1.69	6.51	−2.56
1.93	6.48	−1.67	0.0017	0.44	75.51	78.00	73.00	
5,990
14.1	114.25	119.25	116.98	−0.56	0.0017	−1.67	6.48	−2.64
1.86	6.43	−1.65	0.0017	0.42	70.69	73.25	11.50	
6,000
14.1	119.50	124.50	122.15	−0.58	0.0017	−1.65	6.43	−2.72
1.78	6.36	−1.62	0.0017	0.40	66.06	68.50	63.75	
6,010
14.0	124.75	129.75	127.52	−0.60	0.0017	−1.62	6.36	−2.80
1.71	6.29	−1.59	0.0016	0.39	61.63	64.25	59.25	
6,020
14.0	130.25	135.25	133.08	−0.61	0.0016	−1.59	6.29	−2.88
1.67	6.25	−1.57	0.0016	0.38	59.49	62.00	57.25	
6,025
14.0	133.25	138.25	135.93	−0.62	0.0016	−1.57	6.25	−2.92
1.64	6.20	−1.56	0.0016	0.37	57.40	60.00	55.25	
6,030
14.0	136.00	141.00	138.84	−0.63	0.0016	−1.56	6.20	−2.97
1.56	6.10	−1.52	0.0016	0.35	53.36	56.00	51.25	
6,040
14.0	142.00	147.00	144.79	−0.65	0.0016	−1.52	6.10	−3.05
1.49	5.99	−1.49	0.0016	0.34	49.52	52.00	47.50	
6,050
14.0	148.25	153.25	150.95	−0.66	0.0016	−1.48	5.99	−3.13
1.41	5.87	−1.45	0.0016	0.32	45.88	48.50	10.00	
6,060
13.1	154.50	159.50	157.29	−0.68	0.0016	−1.44	5.87	−3.21
1.34	5.73	−1.40	0.0016	0.30	42.43	45.00	40.50	
6,070
13.1	161.25	166.00	163.83	−0.70	0.0016	−1.40	5.73	−3.29
1.31	5.66	−1.38	0.0015	0.29	40.77	43.25	38.75	
6,075
13.1	163.00	171.25	167.18	−0.70	0.0015	−1.38	5.66	−3.33
1.27	5.59	−1.36	0.0015	0.29	39.16	45.00	10.00	
6,080
13.1	166.25	174.50	170.56	−0.71	0.0015	−1.36	5.59	−3.37
1.20	5.44	−1.32	0.0015	0.27	36.09	38.75	34.25	
6,090
13.1	156.25	198.75	177.48	−0.73	0.0015	−1.31	5.44	−3.45
1.13	5.28	−1.27	0.0015	0.25	33.20	35.75	31.50	
6,100
13.1	163.00	206.00	184.58	−0.74	0.0015	−1.27	5.28	−3.52
1.07	5.11	−1.22	0.0014	0.24	30.49	33.00	28.75	
6,110
13.1	170.25	213.50	191.86	−0.76	0.0014	−1.22	5.11	−3.60
1.00	4.93	−1.18	0.0014	0.23	27.95	30.50	26.25	
6,120
13.1	177.50	221.25	199.32	−0.77	0.0014	−1.17	4.93	−3.67
0.97	4.84	−1.15	0.0013	0.22	26.74	29.25	25.00	
6,125
13.1	181.25	225.00	203.11	−0.78	0.0013	−1.15	4.84	−3.70
0.94	4.75	−1.13	0.0013	0.21	25.58	28.00	24.00	
6,130
13.0	185.00	229.00	206.94	−0.79	0.0013	−1.12	4.75	−3.74
0.88	4.56	−1.08	0.0013	0.20	23.37	25.75	21.75	
6,140
13.0	192.75	236.75	214.72	−0.80	0.0013	−1.07	4.56	−3.81
0.82	4.37	−1.03	0.0012	0.18	21.32	23.75	19.75	
6,150
13.0	200.75	244.75	222.67	−0.82	0.0012	−1.02	4.37	−3.87
0.76	4.18	−0.98	0.0012	0.17	19.42	21.75	18.00	
6,160
13.0	208.75	252.75	230.76	−0.83	0.0012	−0.97	4.18	−3.94
0.71	3.99	−0.93	0.0011	0.16	17.67	20.00	16.25	
6,170
13.0	217.00	261.00	239.00	−0.84	0.0011	−0.93	3.99	−4.00
0.68	3.89	−0.91	0.0011	0.15	16.84	19.25	15.50	
6,175
13.0	221.25	265.00	243.17	−0.85	0.0011	−0.90	3.89	−4.03
0.66	3.80	−0.88	0.0011	0.15	16.05	18.25	14.75	
6,180
13.0	225.50	269.25	247.37	−0.85	0.0011	−0.88	3.80	−4.06
0.61	3.60	−0.84	0.0010	0.14	14.56	16.75	13.25	
6,190
13.0	234.00	277.75	255.87	−0.86	0.0010	−0.83	3.60	−4.11
0.57	3.41	−0.79	0.0010	0.13	13.19	15.50	11.75	
6,200
13.0	238.00	290.75	264.50	−0.87	0.0010	−0.78	3.41	−4.17
–	–	–	–	–	–	–	–	
6,210
–	–	–	–	–	–	–	–	–
–	–	–	–	–	–	–	–	
6,220
–	–	–	–	–	–	–	–	–
0.37	2.53	−0.58	0.0007	0.08	7.95	9.65	6.95	
6,250
13.0	281.25	336.75	309.22	−0.92	0.0007	−0.57	2.53	−4.40
0.24	1.80	−0.41	0.0005	0.05	4.73	6.00	4.00	
6,300
13.0	326.75	384.00	355.97	−0.95	0.0005	−0.40	1.80	−4.57
0.15	1.25	−0.29	0.0004	0.03	2.84	3.70	2.25	
6,350
13.0	374.00	432.50	404.04	−0.96	0.0004	−0.28	1.25	−4.69
0.10	0.87	−0.20	0.0002	0.02	1.76	2.35	1.25	
6,400
13.0	422.00	481.50	452.92	−0.98	0.0002	−0.19	0.87	−4.78
0.07	0.62	−0.15	0.0002	0.01	1.15	1.65	0.65	
6,450
13.1	471.00	530.75	502.27	−0.98	0.0002	−0.14	0.62	−4.86
0.05	0.46	−0.11	0.0001	0.01	0.80	1.30	0.25	
6,500
14.0	520.25	580.25	551.88	−0.99	0.0001	−0.10	0.46	−4.91
0.03	0.29	−0.08	0.0001	0.01	0.50	0.90	0.10	
6,600
15.0	619.50	679.75	651.50	−0.99	0.0001	−0.06	0.29	−5.01
0.02	0.23	−0.07	0.0001	0	0.42	0.90	0.05	
6,700
16.1	719.00	779.25	751.34	−0.99	0.0001	−0.05	0.23	−5.09
0.02	0.21	−0.07	0	0	0.41	0.80	0.05	
6,800
18.1	818.75	878.75	851.26	−0.99	0	−0.05	0.21	−5.17
0.02	0.21	−0.07	0	0	0.43	–	–	
6,900
20.0	918.25	978.50	951.21	−0.99	0	−0.05	0.21	−5.25
0.02	0.20	−0.08	0	0	0.44	–	–	
7,000
22.0	1,017.75	1,078.00	1,051.14	−1.00	0	−0.05	0.20	−5.32
Implied Volatility﻿
ATM IV term structure﻿

English
Select market data provided by ICE Data services.
Select reference data provided by FactSet. Copyright © 2025 FactSet Research Systems Inc.
© 2025 TradingView, Inc.

More than a product
Supercharts
Screeners
Stocks
ETFs
Bonds
Crypto coins
Crypto pairs
CEX pairs
DEX pairs
Pine
Heatmaps
Stocks
ETFs
Crypto
Calendars
Economic
Earnings
Dividends
More products
Yield curves
Options
News Flow
Pine Script®
Apps
Mobile
Desktop
Tools & subscriptions
Features
Pricing
Market data
Special offers
CME Group futures
Eurex futures
US stocks bundle
About company
Who we are
Manifesto
Athletes
Blog
Careers
Media kit
Merch
TradingView store
Tarot cards for traders
The C63 TradeTime
Policies & security
Terms of Use
Disclaimer
Privacy Policy
Cookies Policy
Accessibility Statement
Security vulnerability
Status page
Community
Social network
Wall of Love
Refer a friend
House Rules
Moderators
Ideas
Trading
Education
Editors' picks
Pine Script
Indicators & strategies
Wizards
Freelancers
Business solutions
Widgets
Charting libraries
Lightweight Charts™
Advanced Charts
Trading Platform
Growth opportunities
Advertising
Brokerage integration
Partner program
Education program

Click to sort by Chg% 
